<?xml version="1.0" encoding="UTF-8" standalone="no" ?>
<SimscapeMultibodyImportXML version="2.0" xmlns="urn:mathworks:SimscapeMultibody:import" xmlns:xsi="http://www.w3.org/2001/XMLSchema-instance">
<Created by="" on="01/14/25||22:02:24" using="Simscape Multibody Link Version 7.4" from="SolidWorks 32.2.0"/>
<ModelUnits mass="kilogram" length="meter"/>
<DataUnits mass="kilogram" length="meter"/>
<RootAssembly name="Complete Canfield Assem-500" uid="Complete Canfield Assem-500" version="61767">
<AssemblyFile name="Complete Canfield Assem-500.SLDASM" type="SolidWorks Assembly"/>
<InstanceTree>
<Instance name="Lower Canfield Assem-200-1" uid="Lower Canfield Assem-200-1" entityUid="Lower Canfield Assem-200">
<Transform>
<Rotation>1 0 0 0 1 0 0 0 1</Rotation>
<Translation>0 0 0</Translation>
</Transform>
<Instance name="Canfield base -001-1" uid="Canfield base -001-1" entityUid="Canfield base -001*:*Default">
<Transform>
<Rotation>1 0 0 0 1 0 0 0 1</Rotation>
<Translation>0 0 0</Translation>
</Transform>
</Instance>
<Instance name="Lower Arm Assem-100-1" uid="Lower Arm Assem-100-1" entityUid="Lower Arm Assem-100">
<Transform>
<Rotation>-0.28087324715389828 0.61174460406969189 0.73951251404208229 -0.61174460406968789 -0.70783099620518708 0.35319091183493551 0.73951251404208562 -0.35319091183492868 0.5730422509487112</Rotation>
<Translation>0.8411954847228803 0.40175466221216144 -0.48566443954584393</Translation>
</Transform>
<Instance name="Canfield Lower Arm Boss -003-1" uid="Canfield Lower Arm Boss -003-1" entityUid="Canfield Lower Arm Boss -003*:*Default">
<Transform>
<Rotation>0.50003409656220366 0.0082576312652734019 -0.86596634680633366 -0.0082576312652766978 -0.99986361375116917 -0.014302636901624366 -0.86596634680633378 0.014302636901626309 -0.4998977103133726</Rotation>
<Translation>-0.22254378330126023 -5.2985393850235596e-13 0.12848571319546792</Translation>
</Transform>
</Instance>
<Instance name="Canfield Lower Arm -002-1" uid="Canfield Lower Arm -002-1" entityUid="Canfield Lower Arm -002*:*Default">
<Transform>
<Rotation>1 0 0 0 1 0 0 0 1</Rotation>
<Translation>0 0 0</Translation>
</Transform>
</Instance>
</Instance>
<Instance name="Lower Arm Assem-100-2" uid="Lower Arm Assem-100-2" entityUid="Lower Arm Assem-100">
<Transform>
<Rotation>-0.499999999999998 0 -0.86602540378443993 -0.60368101825869791 -0.71700230422144173 0.34853539839632486 -0.62094221002774785 0.69707079679265238 0.35850115211071937</Rotation>
<Translation>-2.6254791862694389e-15 0.39645901567578778 0.97654506052594592</Translation>
</Transform>
<Instance name="Canfield Lower Arm -002-1" uid="Canfield Lower Arm -002-1" entityUid="Canfield Lower Arm -002*:*Default">
<Transform>
<Rotation>1 0 0 0 1 0 0 0 1</Rotation>
<Translation>0 0 0</Translation>
</Transform>
</Instance>
<Instance name="Canfield Lower Arm Boss -003-1" uid="Canfield Lower Arm Boss -003-1" entityUid="Canfield Lower Arm Boss -003*:*Default">
<Transform>
<Rotation>0.50001524274679565 -0.0055212828429628824 -0.86599900257253826 0.0055212828429643257 -0.9999390290128054 0.0095631424069708704 -0.86599900257253837 -0.0095631424069716198 -0.49995427175960094</Rotation>
<Translation>-0.22254378330143243 -2.3231416790281401e-13 0.12848571319540047</Translation>
</Transform>
</Instance>
</Instance>
<Instance name="Lower Arm Assem-100-3" uid="Lower Arm Assem-100-3" entityUid="Lower Arm Assem-100">
<Transform>
<Rotation>0.26644123819075799 0.62800047504864309 -0.73118018978228227 -0.62800047504864465 0.68858831758768257 0.36257624332054827 0.73118018978228094 0.36257624332055099 0.57785292060307536</Rotation>
<Translation>-0.83171746587734108 0.41243047677710026 -0.48019230281400199</Translation>
</Transform>
<Instance name="Canfield Lower Arm Boss -003-1" uid="Canfield Lower Arm Boss -003-1" entityUid="Canfield Lower Arm Boss -003*:*Default">
<Transform>
<Rotation>0.50000374776135226 -0.0027377849664622089 -0.86601891247136142 0.0027377849664656645 -0.99998500895458919 0.0047419826621128425 -0.86601891247136131 -0.0047419826621147854 -0.49998875671594106</Rotation>
<Translation>-0.22254378330103575 4.1577852272212112e-14 0.12848571319541058</Translation>
</Transform>
</Instance>
<Instance name="Canfield Lower Arm -002-1" uid="Canfield Lower Arm -002-1" entityUid="Canfield Lower Arm -002*:*Default">
<Transform>
<Rotation>1 0 0 0 1 0 0 0 1</Rotation>
<Translation>0 0 0</Translation>
</Transform>
</Instance>
</Instance>
</Instance>
<Instance name="Upper Canfield Assem-400-1" uid="Upper Canfield Assem-400-1" entityUid="Upper Canfield Assem-400">
<Transform>
<Rotation>0.50005988436535032 -0.015696239574241218 -0.86584856650094444 0.0076293297650716655 -0.99971707304468926 0.022529251880506786 -0.86595721913720902 -0.017871819330654362 -0.49979865215701025</Rotation>
<Translation>0.0091973765773035385 1.1717552399661819 0.010472180405210901</Translation>
</Transform>
<Instance name="Upper Arm Assem-300-1" uid="Upper Arm Assem-300-1" entityUid="Upper Arm Assem-300">
<Transform>
<Rotation>-0.28087324715669582 0.61174460406645004 0.73951251404370155 -0.61174460406644948 -0.7078309962089202 0.35319091183306317 0.73951251404370189 -0.35319091183306217 0.57304225094777561</Rotation>
<Translation>0.84119548472466776 0.40175466221009415 -0.48566443954685323</Translation>
</Transform>
<Instance name="Canfield upper Arm Boss -004-1" uid="Canfield upper Arm Boss -004-1" entityUid="Canfield upper Arm Boss -004*:*Default">
<Transform>
<Rotation>0.99996590343779179 0.0082576312653117531 -5.9056978106222791e-05 -0.0082576312653118225 0.99986361375116795 -0.014302636901686483 -5.9056978109262026e-05 0.014302636901686483 0.99989771031337593</Rotation>
<Translation>-0.22254378329788183 2.4935609133081016e-13 0.12848571319343344</Translation>
</Transform>
</Instance>
<Instance name="Canfield Lower Arm -002-1" uid="Canfield Lower Arm -002-1" entityUid="Canfield Lower Arm -002*:*Default">
<Transform>
<Rotation>1 0 0 0 1 0 0 0 1</Rotation>
<Translation>0 0 0</Translation>
</Transform>
</Instance>
</Instance>
<Instance name="Upper Arm Assem-300-3" uid="Upper Arm Assem-300-3" entityUid="Upper Arm Assem-300">
<Transform>
<Rotation>0.49999999999999312 -2.1649348980190553e-15 0.86602540378444259 -0.62800047504570555 0.6885883175912596 0.36257624331884597 -0.59633497578322137 -0.72515248663769916 0.34429415879562369</Rotation>
<Translation>1.0299226749221901e-13 0.41243047677487243 0.96038460563001982</Translation>
</Transform>
<Instance name="Canfield Lower Arm -002-1" uid="Canfield Lower Arm -002-1" entityUid="Canfield Lower Arm -002*:*Default">
<Transform>
<Rotation>1 0 0 0 1 0 0 0 1</Rotation>
<Translation>0 0 0</Translation>
</Transform>
</Instance>
<Instance name="Canfield upper Arm Boss -004-1" uid="Canfield upper Arm Boss -004-1" entityUid="Canfield upper Arm Boss -004*:*Default">
<Transform>
<Rotation>0.50000374776135392 0.0027377849664715508 -0.86601891247136042 -0.0027377849664657616 -0.99998500895458897 -0.0047419826621236463 -0.86601891247136042 0.0047419826621203027 -0.49998875671594295</Rotation>
<Translation>-0.2225437832970879 -8.1823436914874037e-13 0.12848571319381763</Translation>
</Transform>
</Instance>
</Instance>
<Instance name="Upper Arm Assem-300-2" uid="Upper Arm Assem-300-2" entityUid="Upper Arm Assem-300">
<Transform>
<Rotation>0.28775172816886246 0.60368101825539 -0.74348380690770155 -0.60368101825539244 0.71700230422515232 0.34853539839441638 0.74348380690769966 0.34853539839442055 0.57074942394371009</Rotation>
<Translation>-0.84571283035751754 0.39645901567335085 -0.48827253026426148</Translation>
</Transform>
<Instance name="Canfield upper Arm Boss -004-1" uid="Canfield upper Arm Boss -004-1" entityUid="Canfield upper Arm Boss -004*:*Default">
<Transform>
<Rotation>0.99998475725320124 -0.0055212828429891114 -2.6401211899626247e-05 0.0055212828429890845 0.99993902901280474 0.0095631424070223171 -2.6401211905280337e-05 -0.0095631424070223014 0.99995427175960361</Rotation>
<Translation>-0.22254378329791619 -7.1587180627830094e-13 0.12848571319256474</Translation>
</Transform>
</Instance>
<Instance name="Canfield Lower Arm -002-1" uid="Canfield Lower Arm -002-1" entityUid="Canfield Lower Arm -002*:*Default">
<Transform>
<Rotation>1 0 0 0 1 0 0 0 1</Rotation>
<Translation>0 0 0</Translation>
</Transform>
</Instance>
</Instance>
<Instance name="Canfield base -001-1" uid="Canfield base -001-1" entityUid="Canfield base -001*:*Default">
<Transform>
<Rotation>1 0 0 0 1 0 0 0 1</Rotation>
<Translation>0 0 0</Translation>
</Transform>
</Instance>
</Instance>
<Instance name="Pin long-3" uid="Pin long-3" entityUid="Pin long*:*Default">
<Transform>
<Rotation>-0.49981691223749075 -0.77172671900916745 0.39321867377926772 0.023325569339313089 0.44183642894724434 0.8967923326334496 -0.86581693911379309 0.4574040240558585 -0.20283635453520221</Rotation>
<Translation>0.33334465933954049 1.1769645021187012 -0.56561252193478562</Translation>
</Transform>
</Instance>
<Instance name="Pin_mid-4" uid="Pin_mid-4" entityUid="Pin_mid*:*Default">
<Transform>
<Rotation>0.0085638194099183565 -0.0069713165214571361 0.9999390290128054 0.99609142894610936 0.087972596077509832 -0.0079175450413287076 -0.087912036588924825 0.99609850069425421 0.0076974500613233464</Rotation>
<Translation>-0.11783235215938116 0.57728965294850154 1.1686157067917036</Translation>
</Transform>
</Instance>
<Instance name="Pin_mid-1" uid="Pin_mid-1" entityUid="Pin_mid*:*Default">
<Transform>
<Rotation>-0.85757140773116358 0.066600684802872262 -0.51003492961343211 0.070510791524138389 0.99744251555378438 0.011690014729592402 0.50950908620026558 -0.025937944203946715 -0.86007424919587205</Rotation>
<Translation>1.0593735717526815 0.59063768706055841 -0.47553967601354385</Translation>
</Transform>
</Instance>
<Instance name="Pin long-1" uid="Pin long-1" entityUid="Pin long*:*Default">
<Transform>
<Rotation>0.99987679660283291 0.012369354699709975 0.0096638853247393054 -0.015696239574241291 0.79338773103766891 0.60851420386226596 -0.00014028002341915071 -0.60859091950440092 0.79348413532867978</Rotation>
<Translation>0.34596719486036875 1.1563027191697302 0.57908407853878385</Translation>
</Transform>
</Instance>
<Instance name="Pin long-2" uid="Pin long-2" entityUid="Pin long*:*Default">
<Transform>
<Rotation>-0.50005988436535054 0.86240511835374034 0.078724353828933891 -0.0076293297650717401 -0.095290413067695021 0.99542027832706115 0.8659572191372088 0.49716913521925205 0.054230485978764516</Rotation>
<Translation>-0.65171972446811921 1.1819984986101861 0.01794498461152113</Translation>
</Transform>
</Instance>
<Instance name="Pin long-4" uid="Pin long-4" entityUid="Pin long*:*Default">
<Transform>
<Rotation>-0.50000000000000322 -0.86602540378443682 3.219993326257934e-15 -7.7715611723761066e-16 -3.2694367339181387e-15 -1 0.86602540378443682 -0.50000000000000322 9.6168142672483295e-16</Rotation>
<Translation>-0.66099750274012314 0 0.0073812584220373963</Translation>
</Transform>
</Instance>
<Instance name="Pin long-6" uid="Pin long-6" entityUid="Pin long*:*Default">
<Transform>
<Rotation>-0.49999999999999195 0 0.86602540378444337 0 1 0 -0.86602540378444337 0 -0.49999999999999195</Rotation>
<Translation>0.32410639406468006 0 -0.57613125842204149</Translation>
</Transform>
</Instance>
<Instance name="Pin long-5" uid="Pin long-5" entityUid="Pin long*:*Default">
<Transform>
<Rotation>1 0 0 0 1 0 0 0 1</Rotation>
<Translation>0.33689110867544669 0 0.56875000000000042</Translation>
</Transform>
</Instance>
<Instance name="Top plate-1" uid="Top plate-1" entityUid="Top plate*:*Default">
<Transform>
<Rotation>-0.99865071641209879 -0.015696239574241027 0.049501259305492422 0.014789592176059041 -0.99971707304468926 -0.018629058651079958 0.049779660232542981 -0.017871819330654411 0.99860031218748624</Rotation>
<Translation>1.3734038095665317 1.2307819938779818 1.2457708894280293</Translation>
</Transform>
</Instance>
<Instance name="Pin_mid-3" uid="Pin_mid-3" entityUid="Pin_mid*:*Default">
<Transform>
<Rotation>-0.8139426605613922 0.28992138146171564 0.50343116499634033 0.33760971011961877 0.94127863441973281 0.0037704134879502664 -0.47277587602498222 0.17303215006539535 -0.86402710958196072</Rotation>
<Translation>-1.0417114723480048 0.60657765803472474 -0.46538612833018722</Translation>
</Transform>
</Instance>
</InstanceTree>
<Constraints>
<Coincident name="Coincident1">
<ConstraintGeometry geomType="plane">
<InstancePath>
<Uid>Lower Canfield Assem-200-1</Uid>
<Uid>Canfield base -001-1</Uid>
</InstancePath>
<Position>0 0 0</Position>
<Axis>0 0 1</Axis>
</ConstraintGeometry>
<ConstraintGeometry geomType="plane">
<InstancePath>
<Uid>Complete Canfield Assem-500</Uid>
</InstancePath>
<Position>0 0 0</Position>
<Axis>0 0 1</Axis>
</ConstraintGeometry>
</Coincident>
<Coincident name="Coincident2">
<ConstraintGeometry geomType="plane">
<InstancePath>
<Uid>Lower Canfield Assem-200-1</Uid>
<Uid>Canfield base -001-1</Uid>
</InstancePath>
<Position>0 0 0</Position>
<Axis>0 1 0</Axis>
</ConstraintGeometry>
<ConstraintGeometry geomType="plane">
<InstancePath>
<Uid>Complete Canfield Assem-500</Uid>
</InstancePath>
<Position>0 0 0</Position>
<Axis>0 1 0</Axis>
</ConstraintGeometry>
</Coincident>
<Coincident name="Coincident3">
<ConstraintGeometry geomType="plane">
<InstancePath>
<Uid>Lower Canfield Assem-200-1</Uid>
<Uid>Canfield base -001-1</Uid>
</InstancePath>
<Position>0 0 0</Position>
<Axis>1 0 0</Axis>
</ConstraintGeometry>
<ConstraintGeometry geomType="plane">
<InstancePath>
<Uid>Complete Canfield Assem-500</Uid>
</InstancePath>
<Position>0 0 0</Position>
<Axis>1 0 0</Axis>
</ConstraintGeometry>
</Coincident>
<Coincident name="Coincident7">
<ConstraintGeometry geomType="line">
<InstancePath>
<Uid>Lower Canfield Assem-200-1</Uid>
<Uid>Lower Arm Assem-100-1</Uid>
<Uid>Canfield Lower Arm Boss -003-1</Uid>
</InstancePath>
<Position>-0.14792470140466873 0 -0.2562130985273412</Position>
<Axis>0.50000000000000044 0 0.86602540378443837</Axis>
</ConstraintGeometry>
<ConstraintGeometry geomType="line">
<InstancePath>
<Uid>Upper Canfield Assem-400-1</Uid>
<Uid>Upper Arm Assem-300-1</Uid>
<Uid>Canfield upper Arm Boss -004-1</Uid>
</InstancePath>
<Position>-0.0086650635094610018 2.2204460492503131e-16 -0.015008330249197621</Position>
<Axis>0.50000000000000033 0 0.86602540378443826</Axis>
</ConstraintGeometry>
</Coincident>
<Coincident name="Coincident8">
<ConstraintGeometry geomType="line">
<InstancePath>
<Uid>Lower Canfield Assem-200-1</Uid>
<Uid>Lower Arm Assem-100-3</Uid>
<Uid>Canfield Lower Arm Boss -003-1</Uid>
</InstancePath>
<Position>-0.14792470140466873 1.1102230246251565e-16 -0.25621309852734125</Position>
<Axis>0.50000000000000011 0 0.86602540378443837</Axis>
</ConstraintGeometry>
<ConstraintGeometry geomType="line">
<InstancePath>
<Uid>Upper Canfield Assem-400-1</Uid>
<Uid>Upper Arm Assem-300-3</Uid>
<Uid>Canfield upper Arm Boss -004-1</Uid>
</InstancePath>
<Position>-0.0086650635094609463 -2.2204460492503131e-16 -0.015008330249197566</Position>
<Axis>0.50000000000000033 0 0.8660254037844386</Axis>
</ConstraintGeometry>
</Coincident>
<Coincident name="Coincident9">
<ConstraintGeometry geomType="line">
<InstancePath>
<Uid>Lower Canfield Assem-200-1</Uid>
<Uid>Lower Arm Assem-100-2</Uid>
<Uid>Canfield Lower Arm Boss -003-1</Uid>
</InstancePath>
<Position>-0.14792470140466851 0 -0.25621309852734137</Position>
<Axis>0.50000000000000044 0 0.86602540378443849</Axis>
</ConstraintGeometry>
<ConstraintGeometry geomType="line">
<InstancePath>
<Uid>Upper Canfield Assem-400-1</Uid>
<Uid>Upper Arm Assem-300-2</Uid>
<Uid>Canfield upper Arm Boss -004-1</Uid>
</InstancePath>
<Position>-0.0086650635094608908 0 -0.015008330249197621</Position>
<Axis>0.50000000000000033 0 0.86602540378443837</Axis>
</ConstraintGeometry>
</Coincident>
<Coincident name="Coincident13">
<ConstraintGeometry geomType="plane">
<InstancePath>
<Uid>Lower Canfield Assem-200-1</Uid>
<Uid>Lower Arm Assem-100-2</Uid>
<Uid>Canfield Lower Arm Boss -003-1</Uid>
</InstancePath>
<Position>0 0 0</Position>
<Axis>0.50000000000000033 0 0.86602540378443849</Axis>
</ConstraintGeometry>
<ConstraintGeometry geomType="plane">
<InstancePath>
<Uid>Upper Canfield Assem-400-1</Uid>
<Uid>Upper Arm Assem-300-2</Uid>
<Uid>Canfield upper Arm Boss -004-1</Uid>
</InstancePath>
<Position>0 0 0</Position>
<Axis>0.50000000000000033 0 0.86602540378443849</Axis>
</ConstraintGeometry>
</Coincident>
<Coincident name="Coincident14">
<ConstraintGeometry geomType="plane">
<InstancePath>
<Uid>Lower Canfield Assem-200-1</Uid>
<Uid>Lower Arm Assem-100-3</Uid>
<Uid>Canfield Lower Arm Boss -003-1</Uid>
</InstancePath>
<Position>0 0 0</Position>
<Axis>0.50000000000000033 0 0.86602540378443837</Axis>
</ConstraintGeometry>
<ConstraintGeometry geomType="plane">
<InstancePath>
<Uid>Upper Canfield Assem-400-1</Uid>
<Uid>Upper Arm Assem-300-3</Uid>
<Uid>Canfield upper Arm Boss -004-1</Uid>
</InstancePath>
<Position>0 0 0</Position>
<Axis>0.50000000000000022 0 0.8660254037844386</Axis>
</ConstraintGeometry>
</Coincident>
<Coincident name="Coincident15">
<ConstraintGeometry geomType="plane">
<InstancePath>
<Uid>Lower Canfield Assem-200-1</Uid>
<Uid>Lower Arm Assem-100-1</Uid>
<Uid>Canfield Lower Arm Boss -003-1</Uid>
</InstancePath>
<Position>0 0 0</Position>
<Axis>0.50000000000000044 0 0.86602540378443826</Axis>
</ConstraintGeometry>
<ConstraintGeometry geomType="plane">
<InstancePath>
<Uid>Upper Canfield Assem-400-1</Uid>
<Uid>Upper Arm Assem-300-1</Uid>
<Uid>Canfield upper Arm Boss -004-1</Uid>
</InstancePath>
<Position>0 0 0</Position>
<Axis>0.50000000000000044 0 0.86602540378443837</Axis>
</ConstraintGeometry>
</Coincident>
<Coincident name="Coincident20">
<ConstraintGeometry geomType="line">
<InstancePath>
<Uid>Upper Canfield Assem-400-1</Uid>
<Uid>Upper Arm Assem-300-1</Uid>
<Uid>Canfield upper Arm Boss -004-1</Uid>
</InstancePath>
<Position>-0.0086650635094610018 2.2204460492503131e-16 -0.015008330249197621</Position>
<Axis>0.50000000000000033 0 0.86602540378443826</Axis>
</ConstraintGeometry>
<ConstraintGeometry geomType="line">
<InstancePath>
<Uid>Complete Canfield Assem-500</Uid>
</InstancePath>
<Position>0.97130826168829321 0.58390285897849659 -0.62283324917635086</Position>
<Axis>-0.51003492961343244 0.01169001472959251 -0.86007424919587194</Axis>
</ConstraintGeometry>
</Coincident>
<Coincident name="Coincident22">
<ConstraintGeometry geomType="line">
<InstancePath>
<Uid>Lower Canfield Assem-200-1</Uid>
<Uid>Lower Arm Assem-100-1</Uid>
<Uid>Canfield Lower Arm Boss -003-1</Uid>
</InstancePath>
<Position>-0.14792470140466873 0 -0.2562130985273412</Position>
<Axis>0.50000000000000044 0 0.86602540378443837</Axis>
</ConstraintGeometry>
<ConstraintGeometry geomType="line">
<InstancePath>
<Uid>Complete Canfield Assem-500</Uid>
</InstancePath>
<Position>0.97130826168829321 0.58390285897849659 -0.62283324917635086</Position>
<Axis>-0.51003492961343244 0.01169001472959251 -0.86007424919587194</Axis>
</ConstraintGeometry>
</Coincident>
<Coincident name="Coincident24">
<ConstraintGeometry geomType="line">
<InstancePath>
<Uid>Lower Canfield Assem-200-1</Uid>
<Uid>Lower Arm Assem-100-1</Uid>
<Uid>Canfield Lower Arm Boss -003-1</Uid>
</InstancePath>
<Position>-0.14792470140466873 0 -0.2562130985273412</Position>
<Axis>0.50000000000000044 0 0.86602540378443837</Axis>
</ConstraintGeometry>
<ConstraintGeometry geomType="line">
<InstancePath>
<Uid>Complete Canfield Assem-500</Uid>
</InstancePath>
<Position>0.97130826168829321 0.58390285897849659 -0.62283324917635086</Position>
<Axis>-0.51003492961343244 0.01169001472959251 -0.86007424919587194</Axis>
</ConstraintGeometry>
</Coincident>
<Coincident name="Coincident25">
<ConstraintGeometry geomType="line">
<InstancePath>
<Uid>Lower Canfield Assem-200-1</Uid>
<Uid>Lower Arm Assem-100-2</Uid>
<Uid>Canfield Lower Arm Boss -003-1</Uid>
</InstancePath>
<Position>-0.14792470140466851 0 -0.25621309852734137</Position>
<Axis>0.50000000000000044 0 0.86602540378443849</Axis>
</ConstraintGeometry>
<ConstraintGeometry geomType="line">
<InstancePath>
<Uid>Complete Canfield Assem-500</Uid>
</InstancePath>
<Position>-0.14070648912197514 0.5767004105173017 1.1597110181532704</Position>
<Axis>0.99993902901280551 -0.0079175450413286781 0.0076974500613234183</Axis>
</ConstraintGeometry>
</Coincident>
<Coincident name="Coincident26">
<ConstraintGeometry geomType="plane">
<InstancePath>
<Uid>Upper Canfield Assem-400-1</Uid>
<Uid>Upper Arm Assem-300-2</Uid>
<Uid>Canfield upper Arm Boss -004-1</Uid>
</InstancePath>
<Position>-0.041125000000000023 0 -0.071230589461270116</Position>
<Axis>-0.49999999999999994 0 -0.86602540378443871</Axis>
</ConstraintGeometry>
<ConstraintGeometry geomType="plane">
<InstancePath>
<Uid>Pin_mid-4</Uid>
</InstancePath>
<Position>0 -2.2204460492503131e-16 0.20002844831211472</Position>
<Axis>0 0 -1</Axis>
</ConstraintGeometry>
</Coincident>
<Coincident name="Coincident27">
<ConstraintGeometry geomType="line">
<InstancePath>
<Uid>Upper Canfield Assem-400-1</Uid>
<Uid>Upper Arm Assem-300-2</Uid>
<Uid>Canfield upper Arm Boss -004-1</Uid>
</InstancePath>
<Position>-0.0086650635094608908 0 -0.015008330249197621</Position>
<Axis>0.50000000000000033 0 0.86602540378443837</Axis>
</ConstraintGeometry>
<ConstraintGeometry geomType="line">
<InstancePath>
<Uid>Complete Canfield Assem-500</Uid>
</InstancePath>
<Position>-0.14070648912197514 0.5767004105173017 1.1597110181532704</Position>
<Axis>0.99993902901280551 -0.0079175450413286781 0.0076974500613234183</Axis>
</ConstraintGeometry>
</Coincident>
<Coincident name="Coincident28">
<ConstraintGeometry geomType="line">
<InstancePath>
<Uid>Lower Canfield Assem-200-1</Uid>
<Uid>Lower Arm Assem-100-3</Uid>
<Uid>Canfield Lower Arm Boss -003-1</Uid>
</InstancePath>
<Position>-0.14792470140466873 1.1102230246251565e-16 -0.25621309852734125</Position>
<Axis>0.50000000000000011 0 0.86602540378443837</Axis>
</ConstraintGeometry>
<ConstraintGeometry geomType="line">
<InstancePath>
<Uid>Complete Canfield Assem-500</Uid>
</InstancePath>
<Position>-0.98091077933607385 0.59880426086284111 -0.57561309811152639</Position>
<Axis>0.50343116499634077 0.0037704134879498938 -0.8640271095819605</Axis>
</ConstraintGeometry>
</Coincident>
<Coincident name="Coincident29">
<ConstraintGeometry geomType="plane">
<InstancePath>
<Uid>Upper Canfield Assem-400-1</Uid>
<Uid>Upper Arm Assem-300-3</Uid>
<Uid>Canfield upper Arm Boss -004-1</Uid>
</InstancePath>
<Position>-0.041124999999999967 0 -0.071230589461270089</Position>
<Axis>-0.49999999999999989 1.1102230246251565e-16 -0.86602540378443882</Axis>
</ConstraintGeometry>
<ConstraintGeometry geomType="plane">
<InstancePath>
<Uid>Pin_mid-3</Uid>
</InstancePath>
<Position>2.2204460492503131e-16 -1.1102230246251565e-16 0.20002844831211469</Position>
<Axis>0 0 -1</Axis>
</ConstraintGeometry>
</Coincident>
<Coincident name="Coincident30">
<ConstraintGeometry geomType="line">
<InstancePath>
<Uid>Lower Canfield Assem-200-1</Uid>
<Uid>Lower Arm Assem-100-3</Uid>
<Uid>Canfield Lower Arm Boss -003-1</Uid>
</InstancePath>
<Position>-0.14792470140466873 1.1102230246251565e-16 -0.25621309852734125</Position>
<Axis>0.50000000000000011 0 0.86602540378443837</Axis>
</ConstraintGeometry>
<ConstraintGeometry geomType="line">
<InstancePath>
<Uid>Complete Canfield Assem-500</Uid>
</InstancePath>
<Position>-0.98091077933607385 0.59880426086284111 -0.57561309811152639</Position>
<Axis>0.50343116499634077 0.0037704134879498938 -0.8640271095819605</Axis>
</ConstraintGeometry>
</Coincident>
<Coincident name="Coincident34">
<ConstraintGeometry geomType="line">
<InstancePath>
<Uid>Upper Canfield Assem-400-1</Uid>
<Uid>Canfield base -001-1</Uid>
</InstancePath>
<Position>-0.48850194633487243 0 -0.29138980935171682</Position>
<Axis>-0.50000000000000411 0 0.86602540378443615</Axis>
</ConstraintGeometry>
<ConstraintGeometry geomType="line">
<InstancePath>
<Uid>Complete Canfield Assem-500</Uid>
</InstancePath>
<Position>0.34080676189587722 1.1563837285424776 0.57908480253363959</Position>
<Axis>-0.99987679660283302 0.015696239574241277 0.00014028002341914627</Axis>
</ConstraintGeometry>
</Coincident>
<Coincident name="Coincident37">
<ConstraintGeometry geomType="line">
<InstancePath>
<Uid>Upper Canfield Assem-400-1</Uid>
<Uid>Canfield base -001-1</Uid>
</InstancePath>
<Position>-0.072952030837712498 0 0.56875000000000031</Position>
<Axis>1 0 0</Axis>
</ConstraintGeometry>
<ConstraintGeometry geomType="line">
<InstancePath>
<Uid>Complete Canfield Assem-500</Uid>
</InstancePath>
<Position>-0.56977778746485608 1.1832486729963601 -0.12395444407014222</Position>
<Axis>0.5000598843653502 0.0076293297650717341 -0.86595721913720913</Axis>
</ConstraintGeometry>
</Coincident>
<Coincident name="Coincident41">
<ConstraintGeometry geomType="line">
<InstancePath>
<Uid>Upper Canfield Assem-400-1</Uid>
<Uid>Canfield base -001-1</Uid>
</InstancePath>
<Position>0.5300283342024158 0 -0.21946399571031816</Position>
<Axis>-0.49999999999999201 0 -0.86602540378444348</Axis>
</ConstraintGeometry>
<ConstraintGeometry geomType="line">
<InstancePath>
<Uid>Complete Canfield Assem-500</Uid>
</InstancePath>
<Position>0.32086576370318243 1.1775468700584752 -0.58722931592245664</Position>
<Axis>0.4998169122374912 -0.023325569339313106 0.86581693911379276</Axis>
</ConstraintGeometry>
</Coincident>
<Coincident name="Coincident42">
<ConstraintGeometry geomType="plane">
<InstancePath>
<Uid>Upper Canfield Assem-400-1</Uid>
<Uid>Upper Arm Assem-300-1</Uid>
<Uid>Canfield Lower Arm -002-1</Uid>
</InstancePath>
<Position>0.3031088913245536 0.087500000000000355 -0.52500000000000024</Position>
<Axis>-0.50000000000000133 0 -0.86602540378443793</Axis>
</ConstraintGeometry>
<ConstraintGeometry geomType="plane">
<InstancePath>
<Uid>Pin long-3</Uid>
</InstancePath>
<Position>-0.64000000000000024 0.026999999999999871 -2.2204460492503131e-16</Position>
<Axis>1 0 0</Axis>
</ConstraintGeometry>
</Coincident>
<Coincident name="Coincident43">
<ConstraintGeometry geomType="plane">
<InstancePath>
<Uid>Lower Canfield Assem-200-1</Uid>
<Uid>Lower Arm Assem-100-3</Uid>
<Uid>Canfield Lower Arm -002-1</Uid>
</InstancePath>
<Position>0.30310889132455365 0.087499999999999967 -0.52500000000000024</Position>
<Axis>-0.50000000000000155 0 -0.86602540378443793</Axis>
</ConstraintGeometry>
<ConstraintGeometry geomType="plane">
<InstancePath>
<Uid>Pin long-4</Uid>
</InstancePath>
<Position>-0.64000000000000012 0.026999999999999913 0</Position>
<Axis>1 0 0</Axis>
</ConstraintGeometry>
</Coincident>
<Coincident name="Coincident44">
<ConstraintGeometry geomType="line">
<InstancePath>
<Uid>Lower Canfield Assem-200-1</Uid>
<Uid>Canfield base -001-1</Uid>
</InstancePath>
<Position>-0.48850194633487243 0 -0.29138980935171688</Position>
<Axis>-0.50000000000000411 0 0.86602540378443649</Axis>
</ConstraintGeometry>
<ConstraintGeometry geomType="line">
<InstancePath>
<Uid>Complete Canfield Assem-500</Uid>
</InstancePath>
<Position>-0.57912250274012167 0 -0.13443040144766588</Position>
<Axis>0.50000000000000322 7.7715611723761066e-16 -0.86602540378443682</Axis>
</ConstraintGeometry>
</Coincident>
<Coincident name="Coincident45">
<ConstraintGeometry geomType="plane">
<InstancePath>
<Uid>Lower Canfield Assem-200-1</Uid>
<Uid>Lower Arm Assem-100-2</Uid>
<Uid>Canfield Lower Arm -002-1</Uid>
</InstancePath>
<Position>0.60621778264910819 0.087500000000000022 -1.3322676295501878e-15</Position>
<Axis>0.49999999999999695 0 0.86602540378444059</Axis>
</ConstraintGeometry>
<ConstraintGeometry geomType="plane">
<InstancePath>
<Uid>Pin long-5</Uid>
</InstancePath>
<Position>-0.64000000000000001 0.02699999999999992 0</Position>
<Axis>1 0 0</Axis>
</ConstraintGeometry>
</Coincident>
<Coincident name="Coincident46">
<ConstraintGeometry geomType="line">
<InstancePath>
<Uid>Lower Canfield Assem-200-1</Uid>
<Uid>Canfield base -001-1</Uid>
</InstancePath>
<Position>-0.072952030837712456 0 0.56875000000000042</Position>
<Axis>1 0 0</Axis>
</ConstraintGeometry>
<ConstraintGeometry geomType="line">
<InstancePath>
<Uid>Complete Canfield Assem-500</Uid>
</InstancePath>
<Position>0.33189110867544669 0 0.56875000000000042</Position>
<Axis>-1 0 0</Axis>
</ConstraintGeometry>
</Coincident>
<Concentric name="Concentric2">
<ConstraintGeometry geomType="line">
<InstancePath>
<Uid>Lower Canfield Assem-200-1</Uid>
<Uid>Canfield base -001-1</Uid>
</InstancePath>
<Position>0.53002833420241591 0 -0.21946399571031827</Position>
<Axis>-0.49999999999999201 0 -0.86602540378444337</Axis>
</ConstraintGeometry>
<ConstraintGeometry geomType="cylinder">
<InstancePath>
<Uid>Pin long-6</Uid>
</InstancePath>
<Position>-0.66000000000000014 0 0</Position>
<Axis>-1.0000000000000002 0 0</Axis>
</ConstraintGeometry>
</Concentric>
<Coincident name="Coincident47">
<ConstraintGeometry geomType="plane">
<InstancePath>
<Uid>Lower Canfield Assem-200-1</Uid>
<Uid>Lower Arm Assem-100-1</Uid>
<Uid>Canfield Lower Arm -002-1</Uid>
</InstancePath>
<Position>0.60621778264910808 0.087500000000000133 -1.2212453270876722e-15</Position>
<Axis>0.49999999999999711 0 0.86602540378444026</Axis>
</ConstraintGeometry>
<ConstraintGeometry geomType="plane">
<InstancePath>
<Uid>Pin long-6</Uid>
</InstancePath>
<Position>-0.64000000000000012 0.02699999999999992 1.1102230246251565e-16</Position>
<Axis>1.0000000000000002 0 0</Axis>
</ConstraintGeometry>
</Coincident>
<Coincident name="Coincident49">
<ConstraintGeometry geomType="plane">
<InstancePath>
<Uid>Upper Canfield Assem-400-1</Uid>
<Uid>Upper Arm Assem-300-1</Uid>
<Uid>Canfield upper Arm Boss -004-1</Uid>
</InstancePath>
<Position>0.076365210210566414 0.045500000000000096 0.050884644609900442</Position>
<Axis>0.50000000000000033 0 0.86602540378443826</Axis>
</ConstraintGeometry>
<ConstraintGeometry geomType="plane">
<InstancePath>
<Uid>Pin_mid-1</Uid>
</InstancePath>
<Position>-2.2204460492503131e-16 -1.1102230246251565e-16 0.20002844831211458</Position>
<Axis>0 0 -1</Axis>
</ConstraintGeometry>
</Coincident>
<Coincident name="Coincident50">
<ConstraintGeometry geomType="plane">
<InstancePath>
<Uid>Upper Canfield Assem-400-1</Uid>
<Uid>Canfield base -001-1</Uid>
</InstancePath>
<Position>-0.67700846843265927 -0.052500000000000213 -0.73500000000000021</Position>
<Axis>0 -1.0000000000000002 0</Axis>
</ConstraintGeometry>
<ConstraintGeometry geomType="plane">
<InstancePath>
<Uid>Top plate-1</Uid>
</InstancePath>
<Position>0.89999999999999991 0.049999999999999822 -1.3</Position>
<Axis>0 1.0000000000000002 0</Axis>
</ConstraintGeometry>
</Coincident>
<Concentric name="Concentric3">
<ConstraintGeometry geomType="cylinder">
<InstancePath>
<Uid>Upper Canfield Assem-400-1</Uid>
<Uid>Canfield base -001-1</Uid>
</InstancePath>
<Position>0 -0.22750000000000004 0</Position>
<Axis>0 1.0000000000000002 0</Axis>
</ConstraintGeometry>
<ConstraintGeometry geomType="cylinder">
<InstancePath>
<Uid>Top plate-1</Uid>
</InstancePath>
<Position>1.3 0.32555545085289095 -1.3</Position>
<Axis>0 1.0000000000000002 0</Axis>
</ConstraintGeometry>
</Concentric>
<Coincident name="Coincident51">
<ConstraintGeometry geomType="circle">
<InstancePath>
<Uid>Upper Canfield Assem-400-1</Uid>
<Uid>Upper Arm Assem-300-2</Uid>
<Uid>Canfield Lower Arm -002-1</Uid>
</InstancePath>
<Position>0.64410639406467673 -2.2204460492503131e-16 -0.021875000000000561</Position>
<Axis>-0.499999999999997 1.1309583911739418e-16 -0.86602540378444015</Axis>
</ConstraintGeometry>
<ConstraintGeometry geomType="plane">
<InstancePath>
<Uid>Pin long-1</Uid>
</InstancePath>
<Position>-0.6399999999999999 0.027000000000000024 0</Position>
<Axis>1.0000000000000002 0 0</Axis>
</ConstraintGeometry>
</Coincident>
<Coincident name="Coincident52">
<ConstraintGeometry geomType="circle">
<InstancePath>
<Uid>Upper Canfield Assem-400-1</Uid>
<Uid>Upper Arm Assem-300-3</Uid>
<Uid>Canfield Lower Arm -002-1</Uid>
</InstancePath>
<Position>0.64410639406467673 0 -0.021875000000000644</Position>
<Axis>-0.499999999999997 1.1102230246251565e-16 -0.86602540378444048</Axis>
</ConstraintGeometry>
<ConstraintGeometry geomType="plane">
<InstancePath>
<Uid>Pin long-2</Uid>
</InstancePath>
<Position>-0.6399999999999999 0.027000000000000135 -2.2204460492503131e-16</Position>
<Axis>1 0 0</Axis>
</ConstraintGeometry>
</Coincident>
</Constraints>
</RootAssembly>
<Assemblies>
<Assembly name="Lower Canfield Assem-200" uid="Lower Canfield Assem-200" version="139">
<ModelUnits mass="kilogram" length="millimeter"/>
<AssemblyFile name="Lower Canfield Assem-200.SLDASM" type="SolidWorks Assembly"/>
<Constraints>
<Coincident name="Coincident1">
<ConstraintGeometry geomType="plane">
<InstancePath>
<Uid>Canfield base -001-1</Uid>
</InstancePath>
<Position>0 0 0</Position>
<Axis>0 0 1</Axis>
</ConstraintGeometry>
<ConstraintGeometry geomType="plane">
<InstancePath>
<Uid>Lower Canfield Assem-200</Uid>
</InstancePath>
<Position>0 0 0</Position>
<Axis>0 0 1</Axis>
</ConstraintGeometry>
</Coincident>
<Coincident name="Coincident2">
<ConstraintGeometry geomType="plane">
<InstancePath>
<Uid>Canfield base -001-1</Uid>
</InstancePath>
<Position>0 0 0</Position>
<Axis>0 1 0</Axis>
</ConstraintGeometry>
<ConstraintGeometry geomType="plane">
<InstancePath>
<Uid>Lower Canfield Assem-200</Uid>
</InstancePath>
<Position>0 0 0</Position>
<Axis>0 1 0</Axis>
</ConstraintGeometry>
</Coincident>
<Coincident name="Coincident3">
<ConstraintGeometry geomType="plane">
<InstancePath>
<Uid>Canfield base -001-1</Uid>
</InstancePath>
<Position>0 0 0</Position>
<Axis>1 0 0</Axis>
</ConstraintGeometry>
<ConstraintGeometry geomType="plane">
<InstancePath>
<Uid>Lower Canfield Assem-200</Uid>
</InstancePath>
<Position>0 0 0</Position>
<Axis>1 0 0</Axis>
</ConstraintGeometry>
</Coincident>
<Coincident name="Coincident4">
<ConstraintGeometry geomType="line">
<InstancePath>
<Uid>Canfield base -001-1</Uid>
</InstancePath>
<Position>0.53002833420241591 0 -0.21946399571031827</Position>
<Axis>-0.49999999999999201 0 -0.86602540378444337</Axis>
</ConstraintGeometry>
<ConstraintGeometry geomType="line">
<InstancePath>
<Uid>Lower Arm Assem-100-1</Uid>
<Uid>Canfield Lower Arm -002-1</Uid>
</InstancePath>
<Position>0.35148917262913393 0 -0.52870289469599263</Position>
<Axis>0.50000000000000033 0 0.86602540378443849</Axis>
</ConstraintGeometry>
</Coincident>
<Coincident name="Coincident5">
<ConstraintGeometry geomType="point">
<InstancePath>
<Uid>Lower Arm Assem-100-1</Uid>
<Uid>Canfield Lower Arm -002-1</Uid>
</InstancePath>
<Position>0.082435470257030907 -0.062999999999999834 -0.047594140943670205</Position>
</ConstraintGeometry>
<ConstraintGeometry geomType="plane">
<InstancePath>
<Uid>Canfield base -001-1</Uid>
</InstancePath>
<Position>0 0 0</Position>
<Axis>-0.50000000000000799 0 -0.86602540378443404</Axis>
</ConstraintGeometry>
</Coincident>
<Coincident name="Coincident6">
<ConstraintGeometry geomType="line">
<InstancePath>
<Uid>Canfield base -001-1</Uid>
</InstancePath>
<Position>-0.072952030837712456 0 0.56875000000000042</Position>
<Axis>1 0 0</Axis>
</ConstraintGeometry>
<ConstraintGeometry geomType="line">
<InstancePath>
<Uid>Lower Arm Assem-100-2</Uid>
<Uid>Canfield Lower Arm -002-1</Uid>
</InstancePath>
<Position>0.61881444033870547 0 -0.06568194887606349</Position>
<Axis>0.50000000000000022 0 0.86602540378443837</Axis>
</ConstraintGeometry>
</Coincident>
<Coincident name="Coincident7">
<ConstraintGeometry geomType="plane">
<InstancePath>
<Uid>Canfield base -001-1</Uid>
</InstancePath>
<Position>0 0 0</Position>
<Axis>1 0 -4.4964032497318832e-15</Axis>
</ConstraintGeometry>
<ConstraintGeometry geomType="point">
<InstancePath>
<Uid>Lower Arm Assem-100-2</Uid>
<Uid>Canfield Lower Arm -002-1</Uid>
</InstancePath>
<Position>0.11274635938948607 -0.027999999999999803 -0.065094140943670026</Position>
</ConstraintGeometry>
</Coincident>
<Coincident name="Coincident8">
<ConstraintGeometry geomType="line">
<InstancePath>
<Uid>Canfield base -001-1</Uid>
</InstancePath>
<Position>-0.48850194633487243 0 -0.29138980935171688</Position>
<Axis>-0.50000000000000411 0 0.86602540378443649</Axis>
</ConstraintGeometry>
<ConstraintGeometry geomType="line">
<InstancePath>
<Uid>Lower Arm Assem-100-3</Uid>
<Uid>Canfield Lower Arm -002-1</Uid>
</InstancePath>
<Position>0.61881444033870558 0 -0.065681948876063434</Position>
<Axis>0.50000000000000044 0 0.8660254037844386</Axis>
</ConstraintGeometry>
</Coincident>
<Coincident name="Coincident9">
<ConstraintGeometry geomType="plane">
<InstancePath>
<Uid>Canfield base -001-1</Uid>
</InstancePath>
<Position>0 0 0</Position>
<Axis>-0.50000000000000011 0 0.8660254037844386</Axis>
</ConstraintGeometry>
<ConstraintGeometry geomType="point">
<InstancePath>
<Uid>Lower Arm Assem-100-3</Uid>
<Uid>Canfield Lower Arm -002-1</Uid>
</InstancePath>
<Position>0.11274635938948613 0.027999999999999914 -0.065094140943670054</Position>
</ConstraintGeometry>
</Coincident>
</Constraints>
</Assembly>
<Assembly name="Lower Arm Assem-100" uid="Lower Arm Assem-100" version="119">
<ModelUnits mass="kilogram" length="millimeter"/>
<AssemblyFile name="Lower Arm Assem-100.SLDASM" type="SolidWorks Assembly"/>
<Constraints>
<Coincident name="Coincident1">
<ConstraintGeometry geomType="plane">
<InstancePath>
<Uid>Canfield Lower Arm -002-1</Uid>
</InstancePath>
<Position>0 0 0</Position>
<Axis>0 0 1</Axis>
</ConstraintGeometry>
<ConstraintGeometry geomType="plane">
<InstancePath>
<Uid>Lower Arm Assem-100</Uid>
</InstancePath>
<Position>0 0 0</Position>
<Axis>0 0 1</Axis>
</ConstraintGeometry>
</Coincident>
<Coincident name="Coincident2">
<ConstraintGeometry geomType="plane">
<InstancePath>
<Uid>Canfield Lower Arm -002-1</Uid>
</InstancePath>
<Position>0 0 0</Position>
<Axis>0 1 0</Axis>
</ConstraintGeometry>
<ConstraintGeometry geomType="plane">
<InstancePath>
<Uid>Lower Arm Assem-100</Uid>
</InstancePath>
<Position>0 0 0</Position>
<Axis>0 1 0</Axis>
</ConstraintGeometry>
</Coincident>
<Coincident name="Coincident3">
<ConstraintGeometry geomType="plane">
<InstancePath>
<Uid>Canfield Lower Arm -002-1</Uid>
</InstancePath>
<Position>0 0 0</Position>
<Axis>1 0 0</Axis>
</ConstraintGeometry>
<ConstraintGeometry geomType="plane">
<InstancePath>
<Uid>Lower Arm Assem-100</Uid>
</InstancePath>
<Position>0 0 0</Position>
<Axis>1 0 0</Axis>
</ConstraintGeometry>
</Coincident>
<Coincident name="Coincident4">
<ConstraintGeometry geomType="line">
<InstancePath>
<Uid>Canfield Lower Arm -002-1</Uid>
</InstancePath>
<Position>0.024172777428164323 0 -0.013956159555211674</Position>
<Axis>-0.8660254037844386 0 0.50000000000000022</Axis>
</ConstraintGeometry>
<ConstraintGeometry geomType="line">
<InstancePath>
<Uid>Canfield Lower Arm Boss -003-1</Uid>
</InstancePath>
<Position>0.024249946619846037 0 -0.014000713208802154</Position>
<Axis>0.86602540378443871 0 -0.50000000000000011</Axis>
</ConstraintGeometry>
</Coincident>
<Coincident name="Coincident5">
<ConstraintGeometry geomType="plane">
<InstancePath>
<Uid>Canfield Lower Arm -002-1</Uid>
</InstancePath>
<Position>0.048705469376653224 0 -0.028120115855617914</Position>
<Axis>-0.86602540378443837 0 0.50000000000000089</Axis>
</ConstraintGeometry>
<ConstraintGeometry geomType="plane">
<InstancePath>
<Uid>Canfield Lower Arm Boss -003-1</Uid>
</InstancePath>
<Position>0.27124925267784394 0 -0.15660582905103806</Position>
<Axis>0.86602540378443882 0 -0.50000000000000011</Axis>
</ConstraintGeometry>
</Coincident>
</Constraints>
</Assembly>
<Assembly name="Upper Canfield Assem-400" uid="Upper Canfield Assem-400" version="144">
<ModelUnits mass="kilogram" length="meter"/>
<AssemblyFile name="Upper Canfield Assem-400.SLDASM" type="SolidWorks Assembly"/>
<Constraints>
<Coincident name="Coincident1">
<ConstraintGeometry geomType="plane">
<InstancePath>
<Uid>Canfield base -001-1</Uid>
</InstancePath>
<Position>0 0 0</Position>
<Axis>0 0 1</Axis>
</ConstraintGeometry>
<ConstraintGeometry geomType="plane">
<InstancePath>
<Uid>Upper Canfield Assem-400</Uid>
</InstancePath>
<Position>0 0 0</Position>
<Axis>0 0 1</Axis>
</ConstraintGeometry>
</Coincident>
<Coincident name="Coincident2">
<ConstraintGeometry geomType="plane">
